100
3 10
728 33
2 97
807 16
2 4
582 60
2 96
906 56
540 8
383 4
2 5
908 56
2 50
2 1
958 86
793 69
1000 98
2 98
712 1
865 5
1000 95
320 75
635 54
362 76
786 52
387 98
633 94
494 92
924 39
24 85
398 61
2 95
289 65
2 2
169 55
397 40
758 85
500 44
871 75
918 38
537 11
312 23
824 54
507 14
289 48
964 38
363 69
440 28
81 39
277 79
295 30
453 71
13 37
779 34
950 95
970 99
838 46
2 99
109 76
950 63
432 88
1000 3
755 11
2 3
642 34
509 10
373 46
555 27
424 35
93 3
875 93
744 3
1000 96
659 89
264 31
1000 99
30 46
484 74
816 86
1000 4
744 91
1000 1
551 71
451 5
413 35
1000 97
355 11
319 10
1000 2
443 91
226 22
915 30
684 94
270 26
740 92
492 78
981 68
808 71
592 91
1000 5
