100
1
3949061
1264969
8
5
6
2896297
5462959
2872729
592432
4046177
8460583
4461641
9999163
6987083
5388168
9010879
9
928009
86293
7203246
9682616
7
9999931
3855409
5094841
390548
7762723
9325574
4170220
4461643
2360890
8763892
3
9987391
5103067
9999930
6463741
1862603
3877633
10000000
3702389
3132736
9516811
7783893
1750607
2295773
10
6735763
1507483
8237213
9999996
3323191
13
6697461
4461642
11
9999997
3910981
4125389
2
4572049
4751053
3929879
8248729
615403
9999162
3191803
3023326
9999929
8184167
7551991
1403870
6537523
9999999
9999995
9309119
4
9999161
140839
559513
2610613
9999973
983469
1144
9999998
9999972
6513281
3410821
1481717
8603593
9999971
12
1281246
2196613
9971849
9999991
4936439
8697851
9299449
